# Game Level Exporter v1.0
LIGHT
Light
<Matrix 4x4 (-0.0561, -0.0107,  0.1844, 0.0000)
            (-0.1488,  0.1167, -0.0386, 0.0000)
            (-0.1093, -0.1534, -0.0422, 0.0000)
            ( 1.0496,  1.1889,  0.4013, 1.0000)>
CAMERA
Camera
<Matrix 4x4 ( 0.6859,  0.0000,  0.7277, 0.0000)
            (-0.3240,  0.8954,  0.3054, 0.0000)
            (-0.6516, -0.4453,  0.6142, 0.0000)
            ( 7.3589,  4.9583, -6.9258, 1.0000)>
MESH
Wall
<Matrix 4x4 (0.8079, 0.0000,  0.0000, 0.0000)
            (0.0000, 0.3320, -0.0000, 0.0000)
            (0.0000, 0.0000,  0.3320, 0.0000)
            (0.1447, 0.0424, -0.8001, 1.0000)>
MESH
Bookcase_Empty
<Matrix 4x4 (0.1930, 0.0000,  0.0000, 0.0000)
            (0.0000, 0.1930, -0.0000, 0.0000)
            (0.0000, 0.0000,  0.1930, 0.0000)
            (0.2627, 0.0637,  0.5062, 1.0000)>
MESH
Skull
<Matrix 4x4 (0.1930, 0.0000,  0.0000, 0.0000)
            (0.0000, 0.1930, -0.0000, 0.0000)
            (0.0000, 0.0000,  0.1930, 0.0000)
            (0.3221, 0.5538,  0.5152, 1.0000)>
MESH
BearTrap_Open
<Matrix 4x4 ( 0.2243, 0.0000,  0.0000, 0.0000)
            ( 0.0000, 0.2243, -0.0000, 0.0000)
            ( 0.0000, 0.0000,  0.2243, 0.0000)
            (-0.3570, 0.0568,  0.1591, 1.0000)>
MESH
Trapdoor
<Matrix 4x4 (0.2013, 0.0000,  0.0000, 0.0000)
            (0.0000, 0.2013, -0.0000, 0.0000)
            (0.0000, 0.0000,  0.2013, 0.0000)
            (0.6172, 0.0636,  0.1570, 1.0000)>
MESH
Floor_Diamond
<Matrix 4x4 (0.1127, 0.0000,  0.0000, 0.0000)
            (0.0000, 0.1127, -0.0000, 0.0000)
            (0.0000, 0.0000,  0.1127, 0.0000)
            (0.8082, 0.0568, -0.6184, 1.0000)>
MESH
Pot1
<Matrix 4x4 ( 0.1930, 0.0000,  0.0000, 0.0000)
            ( 0.0000, 0.1930, -0.0000, 0.0000)
            ( 0.0000, 0.0000,  0.1930, 0.0000)
            (-0.0561, 0.0637,  0.4977, 1.0000)>
MESH
Torch
<Matrix 4x4 (-0.3320, 0.0000, -0.0000, 0.0000)
            (-0.0000, 0.3320,  0.0000, 0.0000)
            ( 0.0000, 0.0000, -0.3320, 0.0000)
            (-0.4392, 0.3195, -0.6441, 1.0000)>
MESH
Barrel
<Matrix 4x4 (0.1930, 0.0000,  0.0000, 0.0000)
            (0.0000, 0.1930, -0.0000, 0.0000)
            (0.0000, 0.0000,  0.1930, 0.0000)
            (0.5548, 0.0637,  0.4655, 1.0000)>
MESH
Statue_Fox
<Matrix 4x4 (-0.0000, 0.0000, -0.1101, 0.0000)
            (-0.0000, 0.1101,  0.0000, 0.0000)
            ( 0.1101, 0.0000, -0.0000, 0.0000)
            ( 0.6598, 0.0601, -0.2502, 1.0000)>
MESH
Floor_Diamond.001
<Matrix 4x4 (0.1127, 0.0000,  0.0000, 0.0000)
            (0.0000, 0.1127, -0.0000, 0.0000)
            (0.0000, 0.0000,  0.1127, 0.0000)
            (0.5827, 0.0568, -0.6184, 1.0000)>
MESH
Floor_Diamond.003
<Matrix 4x4 (0.1127, 0.0000,  0.0000, 0.0000)
            (0.0000, 0.1127, -0.0000, 0.0000)
            (0.0000, 0.0000,  0.1127, 0.0000)
            (0.3584, 0.0568, -0.6184, 1.0000)>
MESH
Floor_Diamond.002
<Matrix 4x4 (0.1127, 0.0000,  0.0000, 0.0000)
            (0.0000, 0.1127, -0.0000, 0.0000)
            (0.0000, 0.0000,  0.1127, 0.0000)
            (0.1329, 0.0568, -0.6184, 1.0000)>
MESH
Floor_Diamond.007
<Matrix 4x4 ( 0.1127, 0.0000,  0.0000, 0.0000)
            ( 0.0000, 0.1127, -0.0000, 0.0000)
            ( 0.0000, 0.0000,  0.1127, 0.0000)
            (-0.0941, 0.0568, -0.6184, 1.0000)>
MESH
Floor_Diamond.006
<Matrix 4x4 ( 0.1127, 0.0000,  0.0000, 0.0000)
            ( 0.0000, 0.1127, -0.0000, 0.0000)
            ( 0.0000, 0.0000,  0.1127, 0.0000)
            (-0.3197, 0.0568, -0.6184, 1.0000)>
MESH
Floor_Diamond.004
<Matrix 4x4 ( 0.1127, 0.0000,  0.0000, 0.0000)
            ( 0.0000, 0.1127, -0.0000, 0.0000)
            ( 0.0000, 0.0000,  0.1127, 0.0000)
            (-0.5440, 0.0568, -0.6184, 1.0000)>
MESH
Floor_Diamond.013
<Matrix 4x4 (0.1127, 0.0000,  0.0000, 0.0000)
            (0.0000, 0.1127, -0.0000, 0.0000)
            (0.0000, 0.0000,  0.1127, 0.0000)
            (0.8082, 0.0568, -0.3980, 1.0000)>
MESH
Floor_Diamond.012
<Matrix 4x4 (0.1127, 0.0000,  0.0000, 0.0000)
            (0.0000, 0.1127, -0.0000, 0.0000)
            (0.0000, 0.0000,  0.1127, 0.0000)
            (0.5827, 0.0568, -0.3980, 1.0000)>
MESH
Floor_Diamond.011
<Matrix 4x4 (0.1127, 0.0000,  0.0000, 0.0000)
            (0.0000, 0.1127, -0.0000, 0.0000)
            (0.0000, 0.0000,  0.1127, 0.0000)
            (0.1329, 0.0568, -0.3980, 1.0000)>
MESH
Floor_Diamond.010
<Matrix 4x4 (0.1127, 0.0000,  0.0000, 0.0000)
            (0.0000, 0.1127, -0.0000, 0.0000)
            (0.0000, 0.0000,  0.1127, 0.0000)
            (0.3584, 0.0568, -0.3980, 1.0000)>
MESH
Floor_Diamond.009
<Matrix 4x4 ( 0.1127, 0.0000,  0.0000, 0.0000)
            ( 0.0000, 0.1127, -0.0000, 0.0000)
            ( 0.0000, 0.0000,  0.1127, 0.0000)
            (-0.5440, 0.0568, -0.3980, 1.0000)>
MESH
Floor_Diamond.008
<Matrix 4x4 ( 0.1127, 0.0000,  0.0000, 0.0000)
            ( 0.0000, 0.1127, -0.0000, 0.0000)
            ( 0.0000, 0.0000,  0.1127, 0.0000)
            (-0.3197, 0.0568, -0.3980, 1.0000)>
MESH
Floor_Diamond.005
<Matrix 4x4 ( 0.1127, 0.0000,  0.0000, 0.0000)
            ( 0.0000, 0.1127, -0.0000, 0.0000)
            ( 0.0000, 0.0000,  0.1127, 0.0000)
            (-0.0941, 0.0568, -0.3980, 1.0000)>
MESH
Floor_Diamond.020
<Matrix 4x4 (0.1127, 0.0000,  0.0000, 0.0000)
            (0.0000, 0.1127, -0.0000, 0.0000)
            (0.0000, 0.0000,  0.1127, 0.0000)
            (0.8082, 0.0568, -0.1813, 1.0000)>
MESH
Floor_Diamond.019
<Matrix 4x4 (0.1127, 0.0000,  0.0000, 0.0000)
            (0.0000, 0.1127, -0.0000, 0.0000)
            (0.0000, 0.0000,  0.1127, 0.0000)
            (0.5827, 0.0568, -0.1813, 1.0000)>
MESH
Floor_Diamond.018
<Matrix 4x4 (0.1127, 0.0000,  0.0000, 0.0000)
            (0.0000, 0.1127, -0.0000, 0.0000)
            (0.0000, 0.0000,  0.1127, 0.0000)
            (0.1329, 0.0568, -0.1813, 1.0000)>
MESH
Floor_Diamond.017
<Matrix 4x4 (0.1127, 0.0000,  0.0000, 0.0000)
            (0.0000, 0.1127, -0.0000, 0.0000)
            (0.0000, 0.0000,  0.1127, 0.0000)
            (0.3584, 0.0568, -0.1813, 1.0000)>
MESH
Floor_Diamond.016
<Matrix 4x4 ( 0.1127, 0.0000,  0.0000, 0.0000)
            ( 0.0000, 0.1127, -0.0000, 0.0000)
            ( 0.0000, 0.0000,  0.1127, 0.0000)
            (-0.5440, 0.0568, -0.1813, 1.0000)>
MESH
Floor_Diamond.015
<Matrix 4x4 ( 0.1127, 0.0000,  0.0000, 0.0000)
            ( 0.0000, 0.1127, -0.0000, 0.0000)
            ( 0.0000, 0.0000,  0.1127, 0.0000)
            (-0.3197, 0.0568, -0.1813, 1.0000)>
MESH
Floor_Diamond.014
<Matrix 4x4 ( 0.1127, 0.0000,  0.0000, 0.0000)
            ( 0.0000, 0.1127, -0.0000, 0.0000)
            ( 0.0000, 0.0000,  0.1127, 0.0000)
            (-0.0941, 0.0568, -0.1813, 1.0000)>
MESH
Floor_Diamond.027
<Matrix 4x4 (0.1127, 0.0000,  0.0000, 0.0000)
            (0.0000, 0.1127, -0.0000, 0.0000)
            (0.0000, 0.0000,  0.1127, 0.0000)
            (0.8082, 0.0568,  0.0423, 1.0000)>
MESH
Floor_Diamond.026
<Matrix 4x4 (0.1127, 0.0000,  0.0000, 0.0000)
            (0.0000, 0.1127, -0.0000, 0.0000)
            (0.0000, 0.0000,  0.1127, 0.0000)
            (0.5827, 0.0568,  0.0423, 1.0000)>
MESH
Floor_Diamond.025
<Matrix 4x4 (0.1127, 0.0000,  0.0000, 0.0000)
            (0.0000, 0.1127, -0.0000, 0.0000)
            (0.0000, 0.0000,  0.1127, 0.0000)
            (0.1329, 0.0568,  0.0423, 1.0000)>
MESH
Floor_Diamond.024
<Matrix 4x4 (0.1127, 0.0000,  0.0000, 0.0000)
            (0.0000, 0.1127, -0.0000, 0.0000)
            (0.0000, 0.0000,  0.1127, 0.0000)
            (0.3584, 0.0568,  0.0423, 1.0000)>
MESH
Floor_Diamond.023
<Matrix 4x4 ( 0.1127, 0.0000,  0.0000, 0.0000)
            ( 0.0000, 0.1127, -0.0000, 0.0000)
            ( 0.0000, 0.0000,  0.1127, 0.0000)
            (-0.5440, 0.0568,  0.0423, 1.0000)>
MESH
Floor_Diamond.022
<Matrix 4x4 ( 0.1127, 0.0000,  0.0000, 0.0000)
            ( 0.0000, 0.1127, -0.0000, 0.0000)
            ( 0.0000, 0.0000,  0.1127, 0.0000)
            (-0.3197, 0.0568,  0.0423, 1.0000)>
MESH
Floor_Diamond.021
<Matrix 4x4 ( 0.1127, 0.0000,  0.0000, 0.0000)
            ( 0.0000, 0.1127, -0.0000, 0.0000)
            ( 0.0000, 0.0000,  0.1127, 0.0000)
            (-0.0941, 0.0568,  0.0423, 1.0000)>
MESH
Floor_Diamond.034
<Matrix 4x4 (0.1127, 0.0000,  0.0000, 0.0000)
            (0.0000, 0.1127, -0.0000, 0.0000)
            (0.0000, 0.0000,  0.1127, 0.0000)
            (0.8082, 0.0568,  0.2637, 1.0000)>
MESH
Floor_Diamond.033
<Matrix 4x4 (0.1127, 0.0000,  0.0000, 0.0000)
            (0.0000, 0.1127, -0.0000, 0.0000)
            (0.0000, 0.0000,  0.1127, 0.0000)
            (0.5827, 0.0568,  0.2637, 1.0000)>
MESH
Floor_Diamond.032
<Matrix 4x4 (0.1127, 0.0000,  0.0000, 0.0000)
            (0.0000, 0.1127, -0.0000, 0.0000)
            (0.0000, 0.0000,  0.1127, 0.0000)
            (0.1329, 0.0568,  0.2637, 1.0000)>
MESH
Floor_Diamond.031
<Matrix 4x4 (0.1127, 0.0000,  0.0000, 0.0000)
            (0.0000, 0.1127, -0.0000, 0.0000)
            (0.0000, 0.0000,  0.1127, 0.0000)
            (0.3584, 0.0568,  0.2637, 1.0000)>
MESH
Floor_Diamond.030
<Matrix 4x4 ( 0.1127, 0.0000,  0.0000, 0.0000)
            ( 0.0000, 0.1127, -0.0000, 0.0000)
            ( 0.0000, 0.0000,  0.1127, 0.0000)
            (-0.5440, 0.0568,  0.2637, 1.0000)>
MESH
Floor_Diamond.029
<Matrix 4x4 ( 0.1127, 0.0000,  0.0000, 0.0000)
            ( 0.0000, 0.1127, -0.0000, 0.0000)
            ( 0.0000, 0.0000,  0.1127, 0.0000)
            (-0.3197, 0.0568,  0.2637, 1.0000)>
MESH
Floor_Diamond.028
<Matrix 4x4 ( 0.1127, 0.0000,  0.0000, 0.0000)
            ( 0.0000, 0.1127, -0.0000, 0.0000)
            ( 0.0000, 0.0000,  0.1127, 0.0000)
            (-0.0941, 0.0568,  0.2637, 1.0000)>
MESH
Floor_Diamond.041
<Matrix 4x4 (0.1127, 0.0000,  0.0000, 0.0000)
            (0.0000, 0.1127, -0.0000, 0.0000)
            (0.0000, 0.0000,  0.1127, 0.0000)
            (0.8082, 0.0568,  0.4896, 1.0000)>
MESH
Floor_Diamond.040
<Matrix 4x4 (0.1127, 0.0000,  0.0000, 0.0000)
            (0.0000, 0.1127, -0.0000, 0.0000)
            (0.0000, 0.0000,  0.1127, 0.0000)
            (0.5827, 0.0568,  0.4896, 1.0000)>
MESH
Floor_Diamond.039
<Matrix 4x4 (0.1127, 0.0000,  0.0000, 0.0000)
            (0.0000, 0.1127, -0.0000, 0.0000)
            (0.0000, 0.0000,  0.1127, 0.0000)
            (0.1329, 0.0568,  0.4896, 1.0000)>
MESH
Floor_Diamond.038
<Matrix 4x4 (0.1127, 0.0000,  0.0000, 0.0000)
            (0.0000, 0.1127, -0.0000, 0.0000)
            (0.0000, 0.0000,  0.1127, 0.0000)
            (0.3584, 0.0568,  0.4896, 1.0000)>
MESH
Floor_Diamond.037
<Matrix 4x4 ( 0.1127, 0.0000,  0.0000, 0.0000)
            ( 0.0000, 0.1127, -0.0000, 0.0000)
            ( 0.0000, 0.0000,  0.1127, 0.0000)
            (-0.5440, 0.0568,  0.4896, 1.0000)>
MESH
Floor_Diamond.036
<Matrix 4x4 ( 0.1127, 0.0000,  0.0000, 0.0000)
            ( 0.0000, 0.1127, -0.0000, 0.0000)
            ( 0.0000, 0.0000,  0.1127, 0.0000)
            (-0.3197, 0.0568,  0.4896, 1.0000)>
MESH
Floor_Diamond.035
<Matrix 4x4 ( 0.1127, 0.0000,  0.0000, 0.0000)
            ( 0.0000, 0.1127, -0.0000, 0.0000)
            ( 0.0000, 0.0000,  0.1127, 0.0000)
            (-0.0941, 0.0568,  0.4896, 1.0000)>
MESH
Wall.001
<Matrix 4x4 (-0.0000, 0.0000,  0.6967, 0.0000)
            ( 0.0000, 0.3320,  0.0000, 0.0000)
            (-0.3320, 0.0000, -0.0000, 0.0000)
            (-0.6260, 0.0424, -0.0615, 1.0000)>
MESH
Wall.002
<Matrix 4x4 (-0.0000, 0.0000,  0.6704, 0.0000)
            ( 0.0000, 0.3320,  0.0000, 0.0000)
            (-0.3320, 0.0000, -0.0000, 0.0000)
            ( 0.9834, 0.0424, -0.0615, 1.0000)>
MESH
Wall.003
<Matrix 4x4 (0.7841, 0.0000,  0.0000, 0.0000)
            (0.0000, 0.3320, -0.0000, 0.0000)
            (0.0000, 0.0000,  0.3320, 0.0000)
            (0.1447, 0.0424,  0.6086, 1.0000)>
