# Game Level Exporter v1.0
CAMERA
Camera
<Matrix 4x4 ( 0.6859,  0.0000,  0.7277, 0.0000)
            (-0.3240,  0.8954,  0.3054, 0.0000)
            (-0.6516, -0.4453,  0.6142, 0.0000)
            ( 7.3589,  4.9583, -6.9258, 1.0000)>
MESH
Window_Bars
<Matrix 4x4 (0.5982, 0.0000,  0.0000, 0.0000)
            (0.0000, 0.5982, -0.0000, 0.0000)
            (0.0000, 0.0000,  0.5982, 0.0000)
            (1.4058, 0.0001,  0.8127, 1.0000)>
MESH
Window_Open
<Matrix 4x4 ( 0.5982,  0.0000,  0.0000, 0.0000)
            ( 0.0000,  0.5982, -0.0000, 0.0000)
            ( 0.0000,  0.0000,  0.5982, 0.0000)
            (-1.1231, -0.0112,  0.8127, 1.0000)>
MESH
Support_Right
<Matrix 4x4 (0.4333, 0.0000,  0.0000, 0.0000)
            (0.0000, 0.2960, -0.0000, 0.0000)
            (0.0000, 0.0000,  0.4333, 0.0000)
            (0.7962, 0.0001,  0.8127, 1.0000)>
MESH
Support_Left
<Matrix 4x4 ( 0.4333, 0.0000,  0.0000, 0.0000)
            ( 0.0000, 0.2960, -0.0000, 0.0000)
            ( 0.0000, 0.0000,  0.4333, 0.0000)
            (-0.4985, 0.0001,  0.8127, 1.0000)>
MESH
Floor_SquareLarge
<Matrix 4x4 (0.2175, 0.0000,  0.0000, 0.0000)
            (0.0000, 0.2175, -0.0000, 0.0000)
            (0.0000, 0.0000,  0.2175, 0.0000)
            (0.8668, 0.0001,  0.6089, 1.0000)>
MESH
Floor_SquareLarge.004
<Matrix 4x4 ( 0.2175, 0.0000,  0.0000, 0.0000)
            ( 0.0000, 0.2175, -0.0000, 0.0000)
            ( 0.0000, 0.0000,  0.2175, 0.0000)
            (-1.2645, 0.0001,  0.6089, 1.0000)>
MESH
Floor_SquareLarge.005
<Matrix 4x4 ( 0.2175, 0.0000,  0.0000, 0.0000)
            ( 0.0000, 0.2175, -0.0000, 0.0000)
            ( 0.0000, 0.0000,  0.2175, 0.0000)
            (-0.8390, 0.0001,  0.6089, 1.0000)>
MESH
Floor_SquareLarge.011
<Matrix 4x4 (0.2175, 0.0000,  0.0000, 0.0000)
            (0.0000, 0.2175, -0.0000, 0.0000)
            (0.0000, 0.0000,  0.2175, 0.0000)
            (0.0117, 0.0001,  0.6089, 1.0000)>
MESH
Floor_SquareLarge.010
<Matrix 4x4 (0.2175, 0.0000,  0.0000, 0.0000)
            (0.0000, 0.2175, -0.0000, 0.0000)
            (0.0000, 0.0000,  0.2175, 0.0000)
            (0.4373, 0.0001,  0.6089, 1.0000)>
MESH
Floor_SquareLarge.009
<Matrix 4x4 ( 0.2175, 0.0000,  0.0000, 0.0000)
            ( 0.0000, 0.2175, -0.0000, 0.0000)
            ( 0.0000, 0.0000,  0.2175, 0.0000)
            (-0.4114, 0.0001,  0.6089, 1.0000)>
MESH
Floor_SquareLarge.014
<Matrix 4x4 (0.2175, 0.0000,  0.0000, 0.0000)
            (0.0000, 0.2175, -0.0000, 0.0000)
            (0.0000, 0.0000,  0.2175, 0.0000)
            (1.2900, 0.0001,  0.6089, 1.0000)>
MESH
Floor_SquareLarge.013
<Matrix 4x4 (0.2175, 0.0000,  0.0000, 0.0000)
            (0.0000, 0.2175, -0.0000, 0.0000)
            (0.0000, 0.0000,  0.2175, 0.0000)
            (1.7155, 0.0001,  0.6089, 1.0000)>
MESH
Floor_SquareLarge.012
<Matrix 4x4 ( 0.2175, 0.0000,  0.0000, 0.0000)
            ( 0.0000, 0.2175, -0.0000, 0.0000)
            ( 0.0000, 0.0000,  0.2175, 0.0000)
            (-1.6877, 0.0001,  0.6089, 1.0000)>
MESH
Floor_SquareLarge.006
<Matrix 4x4 (0.2175, 0.0000,  0.0000, 0.0000)
            (0.0000, 0.2175, -0.0000, 0.0000)
            (0.0000, 0.0000,  0.2175, 0.0000)
            (2.1416, 0.0001,  0.6089, 1.0000)>
MESH
Floor_SquareLarge.022
<Matrix 4x4 ( 0.2175, 0.0000,  0.0000, 0.0000)
            ( 0.0000, 0.2175, -0.0000, 0.0000)
            ( 0.0000, 0.0000,  0.2175, 0.0000)
            (-1.2645, 0.0001,  0.1946, 1.0000)>
MESH
Floor_SquareLarge.021
<Matrix 4x4 ( 0.2175, 0.0000,  0.0000, 0.0000)
            ( 0.0000, 0.2175, -0.0000, 0.0000)
            ( 0.0000, 0.0000,  0.2175, 0.0000)
            (-0.8390, 0.0001,  0.1946, 1.0000)>
MESH
Floor_SquareLarge.020
<Matrix 4x4 (0.2175, 0.0000,  0.0000, 0.0000)
            (0.0000, 0.2175, -0.0000, 0.0000)
            (0.0000, 0.0000,  0.2175, 0.0000)
            (2.1416, 0.0001,  0.1946, 1.0000)>
MESH
Floor_SquareLarge.019
<Matrix 4x4 ( 0.2175, 0.0000,  0.0000, 0.0000)
            ( 0.0000, 0.2175, -0.0000, 0.0000)
            ( 0.0000, 0.0000,  0.2175, 0.0000)
            (-0.4114, 0.0001,  0.1946, 1.0000)>
MESH
Floor_SquareLarge.018
<Matrix 4x4 (0.2175, 0.0000,  0.0000, 0.0000)
            (0.0000, 0.2175, -0.0000, 0.0000)
            (0.0000, 0.0000,  0.2175, 0.0000)
            (0.4373, 0.0001,  0.1946, 1.0000)>
MESH
Floor_SquareLarge.017
<Matrix 4x4 (0.2175, 0.0000,  0.0000, 0.0000)
            (0.0000, 0.2175, -0.0000, 0.0000)
            (0.0000, 0.0000,  0.2175, 0.0000)
            (0.0117, 0.0001,  0.1946, 1.0000)>
MESH
Floor_SquareLarge.016
<Matrix 4x4 ( 0.2175, 0.0000,  0.0000, 0.0000)
            ( 0.0000, 0.2175, -0.0000, 0.0000)
            ( 0.0000, 0.0000,  0.2175, 0.0000)
            (-1.6877, 0.0001,  0.1946, 1.0000)>
MESH
Floor_SquareLarge.015
<Matrix 4x4 (0.2175, 0.0000,  0.0000, 0.0000)
            (0.0000, 0.2175, -0.0000, 0.0000)
            (0.0000, 0.0000,  0.2175, 0.0000)
            (1.7155, 0.0001,  0.1946, 1.0000)>
MESH
Floor_SquareLarge.008
<Matrix 4x4 (0.2175, 0.0000,  0.0000, 0.0000)
            (0.0000, 0.2175, -0.0000, 0.0000)
            (0.0000, 0.0000,  0.2175, 0.0000)
            (1.2900, 0.0001,  0.1946, 1.0000)>
MESH
Floor_SquareLarge.007
<Matrix 4x4 (0.2175, 0.0000,  0.0000, 0.0000)
            (0.0000, 0.2175, -0.0000, 0.0000)
            (0.0000, 0.0000,  0.2175, 0.0000)
            (0.8668, 0.0001,  0.1946, 1.0000)>
MESH
Floor_SquareLarge.032
<Matrix 4x4 ( 0.2175, 0.0000,  0.0000, 0.0000)
            ( 0.0000, 0.2175, -0.0000, 0.0000)
            ( 0.0000, 0.0000,  0.2175, 0.0000)
            (-1.2645, 0.0001, -0.2240, 1.0000)>
MESH
Floor_SquareLarge.031
<Matrix 4x4 ( 0.2175, 0.0000,  0.0000, 0.0000)
            ( 0.0000, 0.2175, -0.0000, 0.0000)
            ( 0.0000, 0.0000,  0.2175, 0.0000)
            (-0.8390, 0.0001, -0.2240, 1.0000)>
MESH
Floor_SquareLarge.030
<Matrix 4x4 (0.2175, 0.0000,  0.0000, 0.0000)
            (0.0000, 0.2175, -0.0000, 0.0000)
            (0.0000, 0.0000,  0.2175, 0.0000)
            (2.1416, 0.0001, -0.2240, 1.0000)>
MESH
Floor_SquareLarge.029
<Matrix 4x4 ( 0.2175, 0.0000,  0.0000, 0.0000)
            ( 0.0000, 0.2175, -0.0000, 0.0000)
            ( 0.0000, 0.0000,  0.2175, 0.0000)
            (-0.4114, 0.0001, -0.2240, 1.0000)>
MESH
Floor_SquareLarge.028
<Matrix 4x4 (0.2175, 0.0000,  0.0000, 0.0000)
            (0.0000, 0.2175, -0.0000, 0.0000)
            (0.0000, 0.0000,  0.2175, 0.0000)
            (0.4373, 0.0001, -0.2240, 1.0000)>
MESH
Floor_SquareLarge.027
<Matrix 4x4 (0.2175, 0.0000,  0.0000, 0.0000)
            (0.0000, 0.2175, -0.0000, 0.0000)
            (0.0000, 0.0000,  0.2175, 0.0000)
            (0.0117, 0.0001, -0.2240, 1.0000)>
MESH
Floor_SquareLarge.026
<Matrix 4x4 ( 0.2175, 0.0000,  0.0000, 0.0000)
            ( 0.0000, 0.2175, -0.0000, 0.0000)
            ( 0.0000, 0.0000,  0.2175, 0.0000)
            (-1.6877, 0.0001, -0.2240, 1.0000)>
MESH
Floor_SquareLarge.025
<Matrix 4x4 (0.2175, 0.0000,  0.0000, 0.0000)
            (0.0000, 0.2175, -0.0000, 0.0000)
            (0.0000, 0.0000,  0.2175, 0.0000)
            (1.7155, 0.0001, -0.2240, 1.0000)>
MESH
Floor_SquareLarge.024
<Matrix 4x4 (0.2175, 0.0000,  0.0000, 0.0000)
            (0.0000, 0.2175, -0.0000, 0.0000)
            (0.0000, 0.0000,  0.2175, 0.0000)
            (1.2900, 0.0001, -0.2240, 1.0000)>
MESH
Floor_SquareLarge.023
<Matrix 4x4 (0.2175, 0.0000,  0.0000, 0.0000)
            (0.0000, 0.2175, -0.0000, 0.0000)
            (0.0000, 0.0000,  0.2175, 0.0000)
            (0.8668, 0.0001, -0.2240, 1.0000)>
MESH
Floor_SquareLarge.042
<Matrix 4x4 ( 0.2175, 0.0000,  0.0000, 0.0000)
            ( 0.0000, 0.2175, -0.0000, 0.0000)
            ( 0.0000, 0.0000,  0.2175, 0.0000)
            (-1.2645, 0.0001, -0.6416, 1.0000)>
MESH
Floor_SquareLarge.041
<Matrix 4x4 ( 0.2175, 0.0000,  0.0000, 0.0000)
            ( 0.0000, 0.2175, -0.0000, 0.0000)
            ( 0.0000, 0.0000,  0.2175, 0.0000)
            (-0.8390, 0.0001, -0.6416, 1.0000)>
MESH
Floor_SquareLarge.040
<Matrix 4x4 (0.2175, 0.0000,  0.0000, 0.0000)
            (0.0000, 0.2175, -0.0000, 0.0000)
            (0.0000, 0.0000,  0.2175, 0.0000)
            (2.1416, 0.0001, -0.6416, 1.0000)>
MESH
Floor_SquareLarge.039
<Matrix 4x4 ( 0.2175, 0.0000,  0.0000, 0.0000)
            ( 0.0000, 0.2175, -0.0000, 0.0000)
            ( 0.0000, 0.0000,  0.2175, 0.0000)
            (-0.4114, 0.0001, -0.6416, 1.0000)>
MESH
Floor_SquareLarge.038
<Matrix 4x4 (0.2175, 0.0000,  0.0000, 0.0000)
            (0.0000, 0.2175, -0.0000, 0.0000)
            (0.0000, 0.0000,  0.2175, 0.0000)
            (0.4373, 0.0001, -0.6416, 1.0000)>
MESH
Floor_SquareLarge.037
<Matrix 4x4 (0.2175, 0.0000,  0.0000, 0.0000)
            (0.0000, 0.2175, -0.0000, 0.0000)
            (0.0000, 0.0000,  0.2175, 0.0000)
            (0.0117, 0.0001, -0.6416, 1.0000)>
MESH
Floor_SquareLarge.036
<Matrix 4x4 ( 0.2175, 0.0000,  0.0000, 0.0000)
            ( 0.0000, 0.2175, -0.0000, 0.0000)
            ( 0.0000, 0.0000,  0.2175, 0.0000)
            (-1.6877, 0.0001, -0.6416, 1.0000)>
MESH
Floor_SquareLarge.035
<Matrix 4x4 (0.2175, 0.0000,  0.0000, 0.0000)
            (0.0000, 0.2175, -0.0000, 0.0000)
            (0.0000, 0.0000,  0.2175, 0.0000)
            (1.7155, 0.0001, -0.6416, 1.0000)>
MESH
Floor_SquareLarge.034
<Matrix 4x4 (0.2175, 0.0000,  0.0000, 0.0000)
            (0.0000, 0.2175, -0.0000, 0.0000)
            (0.0000, 0.0000,  0.2175, 0.0000)
            (1.2900, 0.0001, -0.6416, 1.0000)>
MESH
Floor_SquareLarge.033
<Matrix 4x4 (0.2175, 0.0000,  0.0000, 0.0000)
            (0.0000, 0.2175, -0.0000, 0.0000)
            (0.0000, 0.0000,  0.2175, 0.0000)
            (0.8668, 0.0001, -0.6416, 1.0000)>
MESH
Floor_SquareLarge.052
<Matrix 4x4 ( 0.2175, 0.0000,  0.0000, 0.0000)
            ( 0.0000, 0.2175, -0.0000, 0.0000)
            ( 0.0000, 0.0000,  0.2175, 0.0000)
            (-1.2645, 0.0001, -1.0625, 1.0000)>
MESH
Floor_SquareLarge.051
<Matrix 4x4 ( 0.2175, 0.0000,  0.0000, 0.0000)
            ( 0.0000, 0.2175, -0.0000, 0.0000)
            ( 0.0000, 0.0000,  0.2175, 0.0000)
            (-0.8390, 0.0001, -1.0625, 1.0000)>
MESH
Floor_SquareLarge.050
<Matrix 4x4 (0.2175, 0.0000,  0.0000, 0.0000)
            (0.0000, 0.2175, -0.0000, 0.0000)
            (0.0000, 0.0000,  0.2175, 0.0000)
            (2.1416, 0.0001, -1.0625, 1.0000)>
MESH
Floor_SquareLarge.049
<Matrix 4x4 ( 0.2175, 0.0000,  0.0000, 0.0000)
            ( 0.0000, 0.2175, -0.0000, 0.0000)
            ( 0.0000, 0.0000,  0.2175, 0.0000)
            (-0.4114, 0.0001, -1.0625, 1.0000)>
MESH
Floor_SquareLarge.048
<Matrix 4x4 (0.2175, 0.0000,  0.0000, 0.0000)
            (0.0000, 0.2175, -0.0000, 0.0000)
            (0.0000, 0.0000,  0.2175, 0.0000)
            (0.4373, 0.0001, -1.0625, 1.0000)>
MESH
Floor_SquareLarge.047
<Matrix 4x4 (0.2175, 0.0000,  0.0000, 0.0000)
            (0.0000, 0.2175, -0.0000, 0.0000)
            (0.0000, 0.0000,  0.2175, 0.0000)
            (0.0117, 0.0001, -1.0625, 1.0000)>
MESH
Floor_SquareLarge.046
<Matrix 4x4 ( 0.2175, 0.0000,  0.0000, 0.0000)
            ( 0.0000, 0.2175, -0.0000, 0.0000)
            ( 0.0000, 0.0000,  0.2175, 0.0000)
            (-1.6877, 0.0001, -1.0625, 1.0000)>
MESH
Floor_SquareLarge.045
<Matrix 4x4 (0.2175, 0.0000,  0.0000, 0.0000)
            (0.0000, 0.2175, -0.0000, 0.0000)
            (0.0000, 0.0000,  0.2175, 0.0000)
            (1.7155, 0.0001, -1.0625, 1.0000)>
MESH
Floor_SquareLarge.044
<Matrix 4x4 (0.2175, 0.0000,  0.0000, 0.0000)
            (0.0000, 0.2175, -0.0000, 0.0000)
            (0.0000, 0.0000,  0.2175, 0.0000)
            (1.2900, 0.0001, -1.0625, 1.0000)>
MESH
Floor_SquareLarge.043
<Matrix 4x4 (0.2175, 0.0000,  0.0000, 0.0000)
            (0.0000, 0.2175, -0.0000, 0.0000)
            (0.0000, 0.0000,  0.2175, 0.0000)
            (0.8668, 0.0001, -1.0625, 1.0000)>
MESH
Floor_SquareLarge.059
<Matrix 4x4 ( 0.2175, 0.0000,  0.0000, 0.0000)
            ( 0.0000, 0.2175, -0.0000, 0.0000)
            ( 0.0000, 0.0000,  0.2175, 0.0000)
            (-1.2645, 0.0001, -1.4895, 1.0000)>
MESH
Floor_SquareLarge.001
<Matrix 4x4 ( 0.2175, 0.0000,  0.0000, 0.0000)
            ( 0.0000, 0.2175, -0.0000, 0.0000)
            ( 0.0000, 0.0000,  0.2175, 0.0000)
            (-0.8390, 0.0001, -1.4895, 1.0000)>
MESH
Floor_SquareLarge.058
<Matrix 4x4 (0.2175, 0.0000,  0.0000, 0.0000)
            (0.0000, 0.2175, -0.0000, 0.0000)
            (0.0000, 0.0000,  0.2175, 0.0000)
            (2.1416, 0.0001, -1.4895, 1.0000)>
MESH
Floor_SquareLarge.003
<Matrix 4x4 ( 0.2175, 0.0000,  0.0000, 0.0000)
            ( 0.0000, 0.2175, -0.0000, 0.0000)
            ( 0.0000, 0.0000,  0.2175, 0.0000)
            (-0.4114, 0.0001, -1.4895, 1.0000)>
MESH
Floor_SquareLarge.056
<Matrix 4x4 (0.2175, 0.0000,  0.0000, 0.0000)
            (0.0000, 0.2175, -0.0000, 0.0000)
            (0.0000, 0.0000,  0.2175, 0.0000)
            (0.4373, 0.0001, -1.4895, 1.0000)>
MESH
Floor_SquareLarge.002
<Matrix 4x4 (0.2175, 0.0000,  0.0000, 0.0000)
            (0.0000, 0.2175, -0.0000, 0.0000)
            (0.0000, 0.0000,  0.2175, 0.0000)
            (0.0117, 0.0001, -1.4895, 1.0000)>
MESH
Floor_SquareLarge.055
<Matrix 4x4 ( 0.2175, 0.0000,  0.0000, 0.0000)
            ( 0.0000, 0.2175, -0.0000, 0.0000)
            ( 0.0000, 0.0000,  0.2175, 0.0000)
            (-1.6877, 0.0001, -1.4895, 1.0000)>
MESH
Floor_SquareLarge.057
<Matrix 4x4 (0.2175, 0.0000,  0.0000, 0.0000)
            (0.0000, 0.2175, -0.0000, 0.0000)
            (0.0000, 0.0000,  0.2175, 0.0000)
            (1.7155, 0.0001, -1.4895, 1.0000)>
MESH
Floor_SquareLarge.054
<Matrix 4x4 (0.2175, 0.0000,  0.0000, 0.0000)
            (0.0000, 0.2175, -0.0000, 0.0000)
            (0.0000, 0.0000,  0.2175, 0.0000)
            (1.2900, 0.0001, -1.4895, 1.0000)>
MESH
Floor_SquareLarge.053
<Matrix 4x4 (0.2175, 0.0000,  0.0000, 0.0000)
            (0.0000, 0.2175, -0.0000, 0.0000)
            (0.0000, 0.0000,  0.2175, 0.0000)
            (0.8668, 0.0001, -1.4895, 1.0000)>
MESH
Flag_Wall
<Matrix 4x4 (-0.0000, 0.0000,  0.5982, 0.0000)
            ( 0.0000, 0.5982,  0.0000, 0.0000)
            (-0.5982, 0.0000, -0.0000, 0.0000)
            (-1.9186, 0.0245, -0.3516, 1.0000)>
MESH
Bookcase_Full
<Matrix 4x4 (-0.3679, 0.0000,  0.0110, 0.0000)
            ( 0.0000, 0.3681,  0.0000, 0.0000)
            (-0.0110, 0.0000, -0.3679, 0.0000)
            (-0.8539, 0.0001, -1.4230, 1.0000)>
MESH
Wall_Broken
<Matrix 4x4 (-0.0000, 0.0000,  0.5982, 0.0000)
            ( 0.0000, 0.5982,  0.0000, 0.0000)
            (-0.5982, 0.0000, -0.0000, 0.0000)
            ( 2.3216, 0.0001,  0.1056, 1.0000)>
MESH
Bricks
<Matrix 4x4 (0.5982, 0.0000,  0.0000, 0.0000)
            (0.0000, 0.5982, -0.0000, 0.0000)
            (0.0000, 0.0000,  0.5982, 0.0000)
            (1.8166, 0.0001,  0.2000, 1.0000)>
MESH
Wall
<Matrix 4x4 (0.5982, 0.0000,  0.0000, 0.0000)
            (0.0000, 0.5982, -0.0000, 0.0000)
            (0.0000, 0.0000,  0.5982, 0.0000)
            (1.7593, 0.0001, -1.7287, 1.0000)>
MESH
Wall.001
<Matrix 4x4 (-0.0000, 0.0000,  0.5982, 0.0000)
            ( 0.0000, 0.5982,  0.0000, 0.0000)
            (-0.5982, 0.0000, -0.0000, 0.0000)
            ( 2.3201, 0.0001, -1.0816, 1.0000)>
MESH
Wall.002
<Matrix 4x4 (0.5982, 0.0000,  0.0000, 0.0000)
            (0.0000, 0.5982, -0.0000, 0.0000)
            (0.0000, 0.0000,  0.5982, 0.0000)
            (0.5645, 0.0001, -1.7287, 1.0000)>
MESH
Wall.003
<Matrix 4x4 ( 0.5982, 0.0000,  0.0000, 0.0000)
            ( 0.0000, 0.5982, -0.0000, 0.0000)
            ( 0.0000, 0.0000,  0.5982, 0.0000)
            (-0.6387, 0.0001, -1.7287, 1.0000)>
MESH
Wall_Half
<Matrix 4x4 ( 0.5982, 0.0000,  0.0000, 0.0000)
            ( 0.0000, 0.5982, -0.0000, 0.0000)
            ( 0.0000, 0.0000,  0.5982, 0.0000)
            (-1.5531, 0.0001, -1.5913, 1.0000)>
MESH
Wall.004
<Matrix 4x4 (-0.0000, 0.0000,  0.5982, 0.0000)
            ( 0.0000, 0.5982,  0.0000, 0.0000)
            (-0.5982, 0.0000, -0.0000, 0.0000)
            (-1.8350, 0.0001,  0.0903, 1.0000)>
MESH
Wall.005
<Matrix 4x4 (-0.0000, 0.0000,  0.5982, 0.0000)
            ( 0.0000, 0.5982,  0.0000, 0.0000)
            (-0.5982, 0.0000, -0.0000, 0.0000)
            (-1.8350, 0.0001, -1.1016, 1.0000)>
MESH
Support_Tall.002
<Matrix 4x4 ( 0.3664, 0.0000,  0.4728, 0.0000)
            ( 0.0000, 0.2957, -0.0000, 0.0000)
            (-0.4728, 0.0000,  0.3664, 0.0000)
            (-1.7439, 0.0001, -1.5097, 1.0000)>
MESH
Support_Tall.003
<Matrix 4x4 (-0.3770,  0.0000,  0.4645, 0.0000)
            ( 0.0000,  0.2957,  0.0000, 0.0000)
            (-0.4645,  0.0000, -0.3770, 0.0000)
            ( 2.1068, -0.0052, -1.5391, 1.0000)>
MESH
Support_Tall.001
<Matrix 4x4 ( 0.4222, 0.0000, -0.4238, 0.0000)
            (-0.0000, 0.2957, -0.0000, 0.0000)
            ( 0.4238, 0.0000,  0.4222, 0.0000)
            (-1.7749, 0.0001,  0.7062, 1.0000)>
MESH
Support_Tall.004
<Matrix 4x4 (-0.4202, 0.0000, -0.4257, 0.0000)
            (-0.0000, 0.2957,  0.0000, 0.0000)
            ( 0.4257, 0.0000, -0.4202, 0.0000)
            ( 2.0833, 0.0001,  0.7342, 1.0000)>
